https://farm9.staticflickr.com/8653/16661706566_682ec92ca0.jpg
https://farm9.staticflickr.com/8654/16500067348_ded95e127d.jpg
https://farm9.staticflickr.com/8611/16661705636_1c71015277.jpg
https://farm9.staticflickr.com/8615/16500252290_a9e7e9b19d.jpg
https://farm9.staticflickr.com/8669/16687655215_26f837fc30.jpg
https://farm9.staticflickr.com/8571/16687653845_3b255d2576.jpg
https://farm9.staticflickr.com/8616/16065325414_83ac9f7d88.jpg
https://farm9.staticflickr.com/8661/16687653035_505a43f275.jpg
https://farm9.staticflickr.com/8566/16480370537_47e72e072a.jpg
https://farm9.staticflickr.com/8648/16065324144_8e483ac79c.jpg
https://farm9.staticflickr.com/8577/16687651875_383fe79344.jpg
https://farm9.staticflickr.com/8642/16067697673_3fbb541913.jpg
https://farm9.staticflickr.com/8653/16687651475_24e7834270.jpg
https://farm9.staticflickr.com/8564/16686311911_1f2a8319e4.jpg
https://farm9.staticflickr.com/8674/16686618752_634bacb162.jpg
https://farm9.staticflickr.com/8606/16500241610_603af7fb09.jpg
https://farm9.staticflickr.com/8581/16500056038_716fdb863a.jpg
https://farm9.staticflickr.com/8579/16686300251_12f2fb477f.jpg
https://farm9.staticflickr.com/8626/16655589916_d2bc0bf02b.jpg
https://farm9.staticflickr.com/8565/16067670313_48ea5ef686.jpg
https://farm9.staticflickr.com/8661/16480336497_5e7c068105.jpg
https://farm9.staticflickr.com/8585/16661655986_7dc1f461b4.jpg
https://farm9.staticflickr.com/8598/16686569312_10014eeccf.jpg
https://farm9.staticflickr.com/8568/16500193290_9042eaf687.jpg
https://farm9.staticflickr.com/8598/16687591895_f271c0c9c6.jpg
https://farm9.staticflickr.com/8570/16661619706_b71dd6df67.jpg
https://farm9.staticflickr.com/8672/16499982328_e0ffce6d8c.jpg
https://farm9.staticflickr.com/8584/16661618986_371aa102f5.jpg
https://farm9.staticflickr.com/8647/16686232141_7a565e9511.jpg
https://farm9.staticflickr.com/8667/16687568015_9db5c95f28.jpg
https://farm9.staticflickr.com/8666/16065238714_3e6e0695f8.jpg
https://farm9.staticflickr.com/8578/16480282717_a5d062f4a6.jpg
https://farm9.staticflickr.com/8617/16480259117_a6046fd09d.jpg
https://farm9.staticflickr.com/8603/16500136520_89077b9bca.jpg
https://farm9.staticflickr.com/8574/16500135940_c75cb81a4e.jpg
https://farm9.staticflickr.com/8654/16067583243_4b0931f0b0.jpg
https://farm9.staticflickr.com/8678/16067581243_2d9bd40271.jpg
https://farm9.staticflickr.com/8585/16065205874_d4ed3b817a.jpg
https://farm9.staticflickr.com/8644/16499933148_1315cbf876.jpg
https://farm9.staticflickr.com/8579/16500107930_a2d050e557.jpg
https://farm9.staticflickr.com/8666/16500101690_4118f3127d.jpg
https://farm9.staticflickr.com/8589/16686470752_00e147c509.jpg
https://farm9.staticflickr.com/8663/16686464782_4a92dc7214.jpg
https://farm9.staticflickr.com/8600/16661504056_9e08ce93db.jpg
https://farm9.staticflickr.com/8562/16687455105_24e583f061.jpg
https://farm9.staticflickr.com/8656/16499864838_f166de2e3a.jpg
https://farm9.staticflickr.com/8568/16065025564_55642dfec2.jpg
https://farm9.staticflickr.com/8680/16480238627_6b3c0812ef.jpg
https://farm9.staticflickr.com/8666/16499929618_ecbc0247a7.jpg
https://farm9.staticflickr.com/8599/16065189704_b79d7338d4.jpg
https://farm9.staticflickr.com/8620/16499925378_3314bfd404.jpg
https://farm9.staticflickr.com/8622/16501371279_60b1f5e69e.jpg
https://farm9.staticflickr.com/8659/16661560376_508436410b.jpg
https://farm9.staticflickr.com/8569/16687508255_7f7e562847.jpg
https://farm9.staticflickr.com/8668/16686476152_fbdaa3a024.jpg
https://farm9.staticflickr.com/8671/16480220817_05a418edd5.jpg
https://farm9.staticflickr.com/8601/16501354119_b4dcca42db.jpg
https://farm9.staticflickr.com/8630/16065163694_05fd4554aa.jpg
https://farm9.staticflickr.com/8582/16065158714_75bf25cf00.jpg
https://farm9.staticflickr.com/8653/16065156164_d17af5d2c1.jpg
https://farm9.staticflickr.com/8667/16065149034_b893123180.jpg
https://farm9.staticflickr.com/8571/16686444042_08de287b3f.jpg
https://farm9.staticflickr.com/8679/16499868508_36269b1efb.jpg
https://farm9.staticflickr.com/8601/16500054200_4bccc7c4bc.jpg
https://farm9.staticflickr.com/8577/16499851478_3b927ab8ce.jpg
https://farm9.staticflickr.com/8670/16500032510_e439c0d2ca.jpg
https://farm9.staticflickr.com/8603/16501165419_b6b3036d51.jpg
https://farm9.staticflickr.com/8590/16660963686_c55ed3823e.jpg
https://farm9.staticflickr.com/8674/16499837718_6e323a65b7.jpg
https://farm9.staticflickr.com/8585/16686396942_fb0abcccca.jpg
https://farm9.staticflickr.com/8577/16067470393_c3e0aa4ae0.jpg
https://farm9.staticflickr.com/8674/16501280119_6a7df02823.jpg
https://farm9.staticflickr.com/8649/16499808558_d9c1a26c5f.jpg
https://farm9.staticflickr.com/8668/16661443146_d7a7dce23d.jpg
https://farm9.staticflickr.com/8642/16661441496_b3e8610fe4.jpg
https://farm9.staticflickr.com/8573/16499983350_866741e933.jpg
https://farm9.staticflickr.com/8620/16686047461_928bf751a3.jpg
https://farm9.staticflickr.com/8594/16501232079_d9d9639c44.jpg
https://farm9.staticflickr.com/8600/16686025361_0bfd258a64.jpg
https://farm9.staticflickr.com/8588/16067408293_d86fc3bdcd.jpg
https://farm9.staticflickr.com/8618/16687362475_a5cba9ddec.jpg
https://farm9.staticflickr.com/8616/16067406563_a2fde96666.jpg
https://farm9.staticflickr.com/8586/16067395613_0c58b26665.jpg
https://farm9.staticflickr.com/8624/16686319392_32f7e42459.jpg
https://farm9.staticflickr.com/8631/16661383866_a09f61467d.jpg
https://farm8.staticflickr.com/7588/17043663380_3c554798f7.jpg
https://farm9.staticflickr.com/8651/16661496866_ed347f7a44.jpg
https://farm9.staticflickr.com/8655/16065005754_18e1969745.jpg
https://farm9.staticflickr.com/8622/16501186769_2fe350153d.jpg
https://farm9.staticflickr.com/8585/16499734188_aa0bd5b11b.jpg
https://farm9.staticflickr.com/8577/16687321945_629e2af671.jpg
https://farm9.staticflickr.com/8602/16687319675_0675a036d3.jpg
https://farm9.staticflickr.com/8648/16501171939_330b67939b.jpg
https://farm9.staticflickr.com/8636/16686262762_9d2d1b7677.jpg
https://farm9.staticflickr.com/8603/16067339023_b5260d855e.jpg
https://farm9.staticflickr.com/8618/16687284365_e2a7a60ac7.jpg
https://farm9.staticflickr.com/8611/16067331383_bda6e38410.jpg
https://farm9.staticflickr.com/8563/16501141919_c0a492ce92.jpg
https://farm9.staticflickr.com/8593/16499879210_0f9390ed87.jpg
https://farm9.staticflickr.com/8588/16499684268_f48f9d444e.jpg
https://farm9.staticflickr.com/8669/16661316666_11f5e2e7c9.jpg
https://farm9.staticflickr.com/8639/16480009947_a5b7f6713a.jpg
https://farm9.staticflickr.com/8639/16499668128_d91a4ba674.jpg
https://farm9.staticflickr.com/8665/16479911287_8c86681ce5.jpg
https://farm9.staticflickr.com/8607/16479887697_6479f7085c.jpg
https://farm8.staticflickr.com/7433/15918448294_ff3701a2c4.jpg
https://farm9.staticflickr.com/8576/16687239315_90a8968143.jpg
https://farm9.staticflickr.com/8597/16661284896_5e1fcfcff7.jpg
https://farm9.staticflickr.com/8618/16499648118_a4f1c7d5d3.jpg
https://farm9.staticflickr.com/8658/16661282036_cb5960eb54.jpg
https://farm9.staticflickr.com/8622/16499831920_0af5452ba7.jpg
https://farm9.staticflickr.com/8570/16501089079_c553155c13.jpg
https://farm9.staticflickr.com/8562/16686194892_0a003f7c9f.jpg
https://farm9.staticflickr.com/8661/16687220485_084bdf6ce0.jpg
https://farm9.staticflickr.com/8575/16479937227_b249e3045d.jpg
https://farm9.staticflickr.com/8671/16685879761_a46fdb2720.jpg
https://farm9.staticflickr.com/8580/16067262373_82112e321c.jpg
https://farm9.staticflickr.com/8658/16499808530_b00c7e4d63.jpg
https://farm9.staticflickr.com/8627/16067257903_152e3014fa.jpg
https://farm9.staticflickr.com/8650/16661254256_e3016b6470.jpg
https://farm9.staticflickr.com/8679/16479926277_3fd5b5a347.jpg
https://farm9.staticflickr.com/8649/16686172282_3ddcb94f5f.jpg
https://farm9.staticflickr.com/8665/16685863291_d13c215f2e.jpg
https://farm9.staticflickr.com/8629/16686167962_7b2c32cacc.jpg
https://farm9.staticflickr.com/8643/16687198225_cac40bb081.jpg
https://farm9.staticflickr.com/8601/16499609028_6b137d740b.jpg
https://farm9.staticflickr.com/8675/16064868694_bfd20c6e12.jpg
https://farm9.staticflickr.com/8586/16479917217_e21c0a0aa5.jpg
https://farm9.staticflickr.com/8565/16686167592_dde17a6f53.jpg
https://farm9.staticflickr.com/8584/16661242906_8ae11a5409.jpg
https://farm9.staticflickr.com/8597/16686163512_fd229d3530.jpg
https://farm9.staticflickr.com/8621/16067239383_68830fb38f.jpg
https://farm9.staticflickr.com/8602/16499596508_6254740ed5.jpg
https://farm9.staticflickr.com/8613/16479899557_1dba2d31fe.jpg
https://farm9.staticflickr.com/8631/16064846134_aec5bb70ae.jpg
https://farm9.staticflickr.com/8609/16661218856_5ee88c79c5.jpg
https://farm9.staticflickr.com/8587/16064840874_12407d28d9.jpg
https://farm9.staticflickr.com/8611/16661218206_4ffc7312f7.jpg
https://farm9.staticflickr.com/8619/16687166215_70e5ff5c38.jpg
https://farm9.staticflickr.com/8640/16686136302_d261500e6a.jpg
https://farm9.staticflickr.com/8576/16064832494_d703354d7e.jpg
https://farm9.staticflickr.com/8583/16499564188_67ab36820c.jpg
https://farm9.staticflickr.com/8566/16661191446_aca0534f1d.jpg
https://farm9.staticflickr.com/8620/16685803081_aa26ab68bd.jpg
https://farm9.staticflickr.com/8679/16067186173_1feb0e05be.jpg
https://farm9.staticflickr.com/8579/16686106992_d9bebfa1e4.jpg
https://farm9.staticflickr.com/8661/16685797581_0449456ed8.jpg
https://farm9.staticflickr.com/8637/16500993249_2640eafc37.jpg
https://farm9.staticflickr.com/8601/16686105062_aec5f67413.jpg
https://farm9.staticflickr.com/8616/16479852307_5dafc21aaf.jpg
https://farm9.staticflickr.com/8598/16067199963_7115efeae3.jpg
https://farm9.staticflickr.com/8641/16661187426_c8d26cb015.jpg
https://farm9.staticflickr.com/8627/16686091152_d0ed93e7e0.jpg
https://farm9.staticflickr.com/8657/16661161146_8430361e3d.jpg
https://farm9.staticflickr.com/8580/16661160996_bfc72f7607.jpg
https://farm9.staticflickr.com/8580/16499524658_1c61740a80.jpg
https://farm9.staticflickr.com/8563/16687111745_22f1c6a392.jpg
https://farm9.staticflickr.com/8605/16499524118_85d70139aa.jpg
https://farm9.staticflickr.com/8618/16064782964_bf89f145b0.jpg
https://farm9.staticflickr.com/8646/16500969689_83f8bdd030.jpg
https://farm9.staticflickr.com/8646/16661158716_71c234d884.jpg
https://farm9.staticflickr.com/8666/16067159003_ea67503b50.jpg
https://farm9.staticflickr.com/8581/16064781544_281e76d2a6.jpg
https://farm9.staticflickr.com/8564/16686082012_fb40a99b49.jpg
https://farm9.staticflickr.com/8612/16064780934_627500c0a0.jpg
https://farm9.staticflickr.com/8610/16067157253_819f023441.jpg
https://farm9.staticflickr.com/8637/16067156843_36bf232d47.jpg
https://farm9.staticflickr.com/8584/16499706910_78991fbd53.jpg
https://farm9.staticflickr.com/8605/16479823767_1b752093c7.jpg
https://farm9.staticflickr.com/8634/16686067312_15a9f2f870.jpg
https://farm9.staticflickr.com/8632/16661142706_618c6a32cb.jpg
https://farm9.staticflickr.com/8582/16064761004_7ec8dddfbf.jpg
https://farm9.staticflickr.com/8583/16687082235_0b715c31fa.jpg
https://farm9.staticflickr.com/8570/16499494518_b5641a9808.jpg
https://farm9.staticflickr.com/8618/16067127933_4c61d3da9a.jpg
https://farm9.staticflickr.com/8591/16685738391_965837eba2.jpg
https://farm9.staticflickr.com/8641/16685737601_bcd4b8524f.jpg
https://farm9.staticflickr.com/8566/16687061985_bedacb2f63.jpg
https://farm9.staticflickr.com/8670/16499471488_e26533ef28.jpg
https://farm9.staticflickr.com/8565/16064704294_77beaaa21b.jpg
https://farm9.staticflickr.com/8722/16730295906_c15cea4ea2.jpg
https://farm9.staticflickr.com/8609/16067102573_b2b80ec13a.jpg
https://farm9.staticflickr.com/8568/16685704601_a48213415c.jpg
https://farm9.staticflickr.com/8567/16500897679_2a2a2fd38d.jpg
https://farm9.staticflickr.com/8582/16064725054_0e08a0f1e5.jpg
https://farm9.staticflickr.com/8589/16499444858_c274d107ab.jpg
https://farm9.staticflickr.com/8612/16685693711_40a7bfc3cc.jpg
https://farm9.staticflickr.com/8635/16499621520_0c94ae9670.jpg
https://farm9.staticflickr.com/8660/16479741417_6951459aca.jpg
https://farm9.staticflickr.com/8635/16687013805_587d7ed907.jpg
https://farm9.staticflickr.com/8639/16500853259_5b46397d22.jpg
https://farm9.staticflickr.com/8624/16499593910_f96c15e338.jpg
https://farm9.staticflickr.com/8631/16500850129_c9a9bfc58e.jpg
https://farm9.staticflickr.com/8561/16661039416_eb0c49b5ce.jpg
https://farm9.staticflickr.com/8678/16499584040_107c2342c0.jpg
https://farm9.staticflickr.com/8563/16661030246_f822e037c2.jpg
https://farm9.staticflickr.com/8617/16499580470_9c81e01899.jpg
https://farm9.staticflickr.com/8569/16686978775_077aac8789.jpg
https://farm9.staticflickr.com/8610/16686978255_81ff5fd4c8.jpg
https://farm9.staticflickr.com/8627/16686977815_c7f09f2978.jpg
https://farm9.staticflickr.com/8587/16685639391_be07ed6e3d.jpg
https://farm9.staticflickr.com/8678/16686976555_b554284424.jpg
https://farm9.staticflickr.com/8665/16499388638_dbb4fb28a0.jpg
https://farm9.staticflickr.com/8652/16686974875_a87efa0a2d.jpg
https://farm9.staticflickr.com/8586/16685636661_8eb5d97033.jpg
https://farm9.staticflickr.com/8638/16499387198_f27b00f21d.jpg
https://farm9.staticflickr.com/8639/16685636071_16a35a2820.jpg
https://farm9.staticflickr.com/8674/16499573010_671e1a0409.jpg
https://farm9.staticflickr.com/8622/16661019876_dd36320d40.jpg
https://farm9.staticflickr.com/8651/16499380458_15e4f56a65.jpg
https://farm9.staticflickr.com/8589/16479687477_fd4e14b1ca.jpg
https://farm9.staticflickr.com/8644/16661017086_a8fbac3a5b.jpg
https://farm9.staticflickr.com/8614/16067015993_aeab550a79.jpg
https://farm9.staticflickr.com/8645/16499377168_1b66e906db.jpg
https://farm9.staticflickr.com/8563/16500821599_d23ed4bf7f.jpg
https://farm9.staticflickr.com/8601/16661014286_de5681ff28.jpg
https://farm9.staticflickr.com/8663/16661013976_15f42db6ef.jpg
https://farm9.staticflickr.com/8609/16685623751_cffac4dae2.jpg
https://farm9.staticflickr.com/8592/16499563750_a3345ccda8.jpg
https://farm9.staticflickr.com/8623/16661012946_e0b17cee2a.jpg
https://farm9.staticflickr.com/8574/16064591494_1cabce1b0a.jpg
https://farm9.staticflickr.com/8578/16499171578_bc6aafb81a.jpg
https://farm9.staticflickr.com/8567/16479408397_221473d56e.jpg
https://farm9.staticflickr.com/8573/16500811869_1860c39453.jpg
https://farm9.staticflickr.com/8565/16686938505_2f48444054.jpg
https://farm9.staticflickr.com/8671/16499351848_59e6c47157.jpg
https://farm9.staticflickr.com/8616/16499509870_26500b6f01.jpg
https://farm9.staticflickr.com/8656/16500760749_6edb317b98.jpg
https://farm9.staticflickr.com/8610/16479624077_61ce20ecff.jpg
https://farm9.staticflickr.com/8649/16685875162_eb38516a24.jpg
https://farm9.staticflickr.com/8618/16499311388_91ffe52c72.jpg
https://farm9.staticflickr.com/8627/16479606737_fa53deeaed.jpg
https://farm9.staticflickr.com/8571/16066936293_b934917581.jpg
https://farm9.staticflickr.com/8679/16685848582_9e712f8f3d.jpg
https://farm9.staticflickr.com/8674/16685847862_14c14d88c5.jpg
https://farm9.staticflickr.com/8585/16685847932_9e98e038ae.jpg
https://farm9.staticflickr.com/8564/16685535991_5ebdf58b94.jpg
https://farm9.staticflickr.com/8663/16685831162_7f763ec16b.jpg
https://farm9.staticflickr.com/8679/16499270328_90846c9148.jpg
https://farm9.staticflickr.com/8605/16066908913_3d463d7328.jpg
https://farm9.staticflickr.com/8595/16660908646_dae0d77edd.jpg
https://farm9.staticflickr.com/8626/16685518611_64e9ca3398.jpg
https://farm9.staticflickr.com/8564/16499721009_ab75253346.jpg
https://farm9.staticflickr.com/8580/16499456370_68c8203f21.jpg
https://farm9.staticflickr.com/8612/16479567817_ddc6c55cdf.jpg
https://farm9.staticflickr.com/8678/16479564817_d4b9301eb7.jpg
https://farm9.staticflickr.com/8630/16660894186_583d93632d.jpg
https://farm9.staticflickr.com/8632/16064516114_353676e717.jpg
https://farm9.staticflickr.com/8644/16499253308_196a011dce.jpg
https://farm9.staticflickr.com/8591/16685500751_53b7e70974.jpg
https://farm9.staticflickr.com/8567/16066891533_5a061a6a58.jpg
https://farm9.staticflickr.com/8667/16479558627_c1be45134d.jpg
https://farm9.staticflickr.com/8572/16479556867_06a6fbd27b.jpg
https://farm9.staticflickr.com/8621/16499435220_4efc58c47b.jpg
https://farm9.staticflickr.com/8578/16499246188_5af56216fb.jpg
https://farm9.staticflickr.com/8573/16686832605_3d34d941b7.jpg
https://farm9.staticflickr.com/8562/16064505304_beb5008a5e.jpg
https://farm9.staticflickr.com/8681/16686829075_8f7422cc94.jpg
https://farm9.staticflickr.com/8597/16499426180_4b8c96fe6a.jpg
https://farm9.staticflickr.com/8586/16479538967_0ea3150588.jpg
https://farm9.staticflickr.com/8647/16685791152_8de1c8f79a.jpg
https://farm9.staticflickr.com/8650/16064490944_9ca1b3145b.jpg
https://farm9.staticflickr.com/8584/16499228668_237734ee60.jpg
https://farm9.staticflickr.com/8658/16685473711_2b17c14838.jpg
https://farm9.staticflickr.com/8564/16499412680_c3f1be874f.jpg
https://farm9.staticflickr.com/8647/16499220528_a7c898e58e.jpg
https://farm9.staticflickr.com/8562/16499214188_367e8870c0.jpg
https://farm9.staticflickr.com/8672/16066853563_4c17dbb09b.jpg
https://farm9.staticflickr.com/8582/16066846423_a38645eeaa.jpg
https://farm9.staticflickr.com/8630/16064465254_e2a3ce95cb.jpg
https://farm9.staticflickr.com/8650/16685760262_cd8a6df917.jpg
https://farm9.staticflickr.com/8680/16686786565_f6b29af4fc.jpg
https://farm9.staticflickr.com/8676/16479499997_637be2e5b3.jpg
https://farm9.staticflickr.com/8644/16685748902_9b91182608.jpg
https://farm9.staticflickr.com/8630/16064440724_3fb14842c9.jpg
https://farm9.staticflickr.com/8629/16500625199_dbdb405740.jpg
https://farm9.staticflickr.com/8594/16500617769_700e93f365.jpg
https://farm9.staticflickr.com/8658/16660801406_4db2cc0ac0.jpg
https://farm9.staticflickr.com/8632/16500598059_92c3d44698.jpg
https://farm9.staticflickr.com/8629/16500584119_a0919da44e.jpg
https://farm9.staticflickr.com/8579/16660756876_edb058fc69.jpg
https://farm9.staticflickr.com/8613/16479410737_70959ee623.jpg
https://farm9.staticflickr.com/8663/16685646942_4ca7aa3361.jpg
https://farm9.staticflickr.com/8629/16479384717_669f7c4fb4.jpg
https://farm9.staticflickr.com/8596/16499221890_f5e045a48d.jpg
https://farm9.staticflickr.com/8656/16685587472_d846d3cf18.jpg
https://farm9.staticflickr.com/8577/16500449809_65e7cd0cdf.jpg
https://farm9.staticflickr.com/8576/16479309027_9772a3df60.jpg
https://farm9.staticflickr.com/8569/16660622356_3845fb62c1.jpg
https://farm9.staticflickr.com/8653/16660611796_380a8e332b.jpg
https://farm9.staticflickr.com/8572/16685525012_6579bace75.jpg
https://farm9.staticflickr.com/8622/16498896358_0352a63e55.jpg
https://farm9.staticflickr.com/8596/16066411073_a1f1e074b5.jpg
https://farm9.staticflickr.com/8587/16660158916_59ef321264.jpg
https://farm9.staticflickr.com/8681/16065922683_4cfa98b48d.jpg
https://farm9.staticflickr.com/8561/16498076688_f5477c5b9d.jpg
https://farm9.staticflickr.com/8622/16498192450_57ce6a1f9c.jpg
https://farm9.staticflickr.com/8654/16684327872_95e9e422a3.jpg
https://farm9.staticflickr.com/8649/16497523088_c69c954ff7.jpg
https://farm9.staticflickr.com/8640/16064922453_87407990f2.jpg
https://farm9.staticflickr.com/8673/16658770036_e6428eed39.jpg
https://farm9.staticflickr.com/8622/16496523718_a0760de88b.jpg
https://farm9.staticflickr.com/8646/16063339803_963a219261.jpg
https://farm9.staticflickr.com/8564/16495590650_9596cb0c53.jpg
https://farm9.staticflickr.com/8658/16495071728_b490b43b64.jpg
https://farm9.staticflickr.com/8571/16494960670_7793f4567d.jpg
https://farm9.staticflickr.com/8580/16474556157_7e3fdcf3b7.jpg
https://farm9.staticflickr.com/8594/16671292171_bb6890432a.jpg
https://farm9.staticflickr.com/8671/16500612279_df92804509.jpg
https://farm9.staticflickr.com/8651/16500608069_cb9dae85ce.jpg
https://farm9.staticflickr.com/8621/16064407424_e2b35f123f.jpg
https://farm9.staticflickr.com/8679/16500571499_f3aeb84899.jpg
https://farm9.staticflickr.com/8605/16064352754_c73ffa2a98.jpg
https://farm9.staticflickr.com/8572/16686664875_7e70fde430.jpg
https://farm9.staticflickr.com/8665/16064339944_27449e1670.jpg
https://farm9.staticflickr.com/8683/16685617132_7d44b2fa89.jpg
https://farm9.staticflickr.com/8591/16064310204_ffa6a6ef95.jpg
https://farm9.staticflickr.com/8623/16685269951_cbfccec444.jpg
https://farm9.staticflickr.com/8603/16499015408_28d454274e.jpg
https://farm9.staticflickr.com/8578/16479270737_b288cd52ef.jpg
https://farm9.staticflickr.com/8616/16066594903_dc0000b68d.jpg
https://farm9.staticflickr.com/8567/16660596916_7e5edfbe27.jpg
https://farm9.staticflickr.com/8644/16479101057_5a54e813e3.jpg
https://farm9.staticflickr.com/8633/16685269241_1ff6e3d73d.jpg
https://farm9.staticflickr.com/8610/16686573915_66976ed582.jpg
https://farm9.staticflickr.com/8671/16660612806_295ecf10bf.jpg
https://farm9.staticflickr.com/8569/16660611596_9547cafe42.jpg
https://farm9.staticflickr.com/8664/16660610916_3fc23420b1.jpg
https://farm9.staticflickr.com/8589/16686553685_64b326a05c.jpg
https://farm9.staticflickr.com/8638/16498954358_034f10385e.jpg
https://farm9.staticflickr.com/8633/16500407569_8f1bae6345.jpg
https://farm9.staticflickr.com/8645/16479265727_6e2347641b.jpg
https://farm9.staticflickr.com/8662/16685204841_1671290469.jpg
https://farm9.staticflickr.com/8676/16479264517_269cbc36b8.jpg
https://farm9.staticflickr.com/8568/16685516432_145418abe5.jpg
https://farm9.staticflickr.com/8598/16064216034_d42a67fa9b.jpg
https://farm9.staticflickr.com/8620/16500403029_6379e4a494.jpg
https://farm9.staticflickr.com/8615/16685202851_9c8f69d6d8.jpg
https://farm9.staticflickr.com/8655/16479262417_197efe6a1f.jpg
https://farm9.staticflickr.com/8626/16066590153_caac64603c.jpg
https://farm9.staticflickr.com/8639/16660584546_001412b495.jpg
https://farm9.staticflickr.com/8657/16685503932_a7120b7864.jpg
https://farm9.staticflickr.com/8668/16686526275_d8231ee4cb.jpg
https://farm9.staticflickr.com/8564/16066576503_25e8896fdb.jpg
https://farm9.staticflickr.com/8574/16686524375_b7bd2383b2.jpg
https://farm9.staticflickr.com/8594/16498938738_47a232a2b6.jpg
https://farm9.staticflickr.com/8656/16479241997_2f8c4ed0b8.jpg
https://farm9.staticflickr.com/8643/16479239217_298f349650.jpg
https://farm9.staticflickr.com/8605/16500377229_1ed1d42389.jpg
https://farm9.staticflickr.com/8632/16479237037_bf8c181641.jpg
https://farm9.staticflickr.com/8663/16064188334_272d024e07.jpg
https://farm9.staticflickr.com/8673/16499099330_20dee4dcde.jpg
https://farm9.staticflickr.com/8598/16685471162_117a64728f.jpg
https://farm9.staticflickr.com/8562/16685154231_644c6a26b8.jpg
https://farm9.staticflickr.com/8658/16479211727_f12cbcd293.jpg
https://farm9.staticflickr.com/8672/16479204477_9e72304480.jpg
https://farm9.staticflickr.com/8591/16479203177_b0bda4c280.jpg
https://farm9.staticflickr.com/8567/16685452722_28f46ec918.jpg
https://farm9.staticflickr.com/8616/16685125241_6fcf256d7a.jpg
https://farm9.staticflickr.com/8562/16064132554_77492694b7.jpg
https://farm9.staticflickr.com/8581/16686426165_6cba3c42b5.jpg
https://farm9.staticflickr.com/8603/16066452423_440e793004.jpg
https://farm9.staticflickr.com/8587/16479162407_d63c6a0283.jpg
https://farm9.staticflickr.com/8629/16685094311_e024e002d6.jpg
https://farm9.staticflickr.com/8579/16660473996_5a2b50d680.jpg
https://farm9.staticflickr.com/8598/16500272029_66696614a0.jpg
https://farm9.staticflickr.com/8600/16500267849_41a90a2b52.jpg
https://farm9.staticflickr.com/8603/16066440193_4b4d2d1751.jpg
https://farm9.staticflickr.com/8603/16479098817_97869b1061.jpg
https://farm9.staticflickr.com/8580/16685340712_d868849436.jpg
https://farm9.staticflickr.com/8675/16685331752_ba3420e881.jpg
https://farm9.staticflickr.com/8601/16066405193_2a851a4a22.jpg
https://farm9.staticflickr.com/8586/16066394713_9cc4d0ff43.jpg
https://farm9.staticflickr.com/8666/16479055067_e8a0c8399b.jpg
https://farm9.staticflickr.com/8586/16498727878_97338c497b.jpg
https://farm9.staticflickr.com/8637/16498895990_d1107e40ac.jpg
https://farm9.staticflickr.com/8609/16498879640_a07378e7c5.jpg
https://farm9.staticflickr.com/8617/16660319096_f24c7a3bdf.jpg
https://farm9.staticflickr.com/8583/16478976417_dae696d9f0.jpg
https://farm9.staticflickr.com/8616/16500104109_c4e2c4d365.jpg
https://farm9.staticflickr.com/8603/16686226625_6e54ea904b.jpg
https://farm9.staticflickr.com/8677/16498813850_8c9a4abe2c.jpg
https://farm9.staticflickr.com/8613/16660210006_90da766256.jpg
https://farm9.staticflickr.com/8646/16063817154_9c36261f86.jpg
https://farm9.staticflickr.com/8588/16478854297_4cbfd944a1.jpg
https://farm9.staticflickr.com/8586/16478844637_e15d264479.jpg
https://farm9.staticflickr.com/8623/16066159253_1a95ef9db1.jpg
https://farm9.staticflickr.com/8614/16499950429_14ec7c3d40.jpg
https://farm9.staticflickr.com/8562/16498679970_2901965ffd.jpg
https://farm9.staticflickr.com/8574/16499925539_66de2c48d7.jpg
https://farm9.staticflickr.com/8673/16685019392_b2c1d070d5.jpg
https://farm9.staticflickr.com/8603/16478747847_5825a289bf.jpg
https://farm9.staticflickr.com/8622/16498619120_1db8bbb4c4.jpg
https://farm9.staticflickr.com/8637/16066059153_612c009924.jpg
https://farm9.staticflickr.com/8604/16660027756_23bd2e2511.jpg
https://farm9.staticflickr.com/8587/16685316762_aa9eefe5d0.jpg
https://farm9.staticflickr.com/8573/16066383863_23b7c3e94e.jpg
https://farm9.staticflickr.com/8642/16479045617_b99615bbc7.jpg
https://farm9.staticflickr.com/8613/16063985024_b56fcd6ed4.jpg
https://farm9.staticflickr.com/8575/16685277142_323d5cc7aa.jpg
https://farm9.staticflickr.com/8659/16660351316_7f095af632.jpg
https://farm9.staticflickr.com/8572/16066344523_2bf561f412.jpg
https://farm9.staticflickr.com/8675/16066318523_ca33b0bc61.jpg
https://farm9.staticflickr.com/8670/16685239852_111fec4603.jpg
https://farm9.staticflickr.com/8680/16660306426_8defef105c.jpg
https://farm9.staticflickr.com/8668/16066143823_2057d6eb71.jpg
https://farm9.staticflickr.com/8670/16686006805_681ffd0ec9.jpg
https://farm9.staticflickr.com/8641/16684913321_99877f5bda.jpg
https://farm9.staticflickr.com/8610/16063924624_f7ae57e4e1.jpg
https://farm9.staticflickr.com/8631/16063923984_6bb1177498.jpg
https://farm9.staticflickr.com/8562/16498850370_16f84dcac8.jpg
https://farm9.staticflickr.com/8675/16063923034_72045e10ce.jpg
https://farm9.staticflickr.com/8590/16684909471_3e09907257.jpg
https://farm9.staticflickr.com/8586/16686246135_512c9c0509.jpg
https://farm9.staticflickr.com/8645/16066297933_3739f869c8.jpg
https://farm9.staticflickr.com/8577/16066297623_e76ba3b768.jpg
https://farm9.staticflickr.com/8635/16478970307_599a46361a.jpg
https://farm9.staticflickr.com/8648/16498660068_096f35e3b5.jpg
https://farm9.staticflickr.com/8571/16500109979_7dd8fd8e09.jpg
https://farm9.staticflickr.com/8680/16684905561_e8400fea8d.jpg
https://farm9.staticflickr.com/8669/16660299716_5b8a229166.jpg
https://farm9.staticflickr.com/8617/16063916864_723ddfd568.jpg
https://farm9.staticflickr.com/8567/16478967217_78d2609e2d.jpg
https://farm9.staticflickr.com/8627/16685217852_d2279b65fe.jpg
https://farm9.staticflickr.com/8611/16498840500_a184a85e67.jpg
https://farm9.staticflickr.com/8619/16684899261_900c81ee8e.jpg
https://farm9.staticflickr.com/8679/16684881581_63e10ac0ba.jpg
https://farm9.staticflickr.com/8614/16066271773_094534c9ba.jpg
https://farm9.staticflickr.com/8566/16684871421_426a889b04.jpg
https://farm9.staticflickr.com/8655/16660261956_79280a8ca6.jpg
https://farm9.staticflickr.com/8637/16478919367_132f832edd.jpg
https://farm9.staticflickr.com/8627/16478915157_eecc3533c5.jpg
https://farm9.staticflickr.com/8575/16498769870_ce21bb2862.jpg
https://farm9.staticflickr.com/8566/16686161865_3f5475174d.jpg
https://farm9.staticflickr.com/8588/16498575738_0c0bde8d32.jpg
https://farm9.staticflickr.com/8635/16686160665_9458fd577d.jpg
https://farm9.staticflickr.com/8574/16498566148_ec84ca53f8.jpg
https://farm9.staticflickr.com/8580/16684812111_dd35813ffd.jpg
https://farm9.staticflickr.com/8659/16500005209_2d31b96cb5.jpg
https://farm9.staticflickr.com/8594/16478848257_fc1cafefd3.jpg
https://farm9.staticflickr.com/8573/16660174606_a4c7f38c33.jpg
https://farm9.staticflickr.com/8592/16684776591_e6b3cfd831.jpg
https://farm9.staticflickr.com/8573/16660162296_d5d463d5e3.jpg
https://farm3.staticflickr.com/2904/14013333954_ef80e25699.jpg
https://farm8.staticflickr.com/7647/16198526603_632cf12b7a.jpg
https://farm8.staticflickr.com/7284/16198517783_e41c81672d.jpg
https://farm9.staticflickr.com/8618/16066193403_1ebacfe130.jpg
https://farm9.staticflickr.com/8675/16498550528_90ec9f6438.jpg
https://farm9.staticflickr.com/8590/16498738150_8695382cfe.jpg
https://farm9.staticflickr.com/8624/16063809094_c8021ca7d7.jpg
https://farm9.staticflickr.com/8575/16686116985_3a038cd374.jpg
https://farm9.staticflickr.com/8636/16066163683_f9ed7f64c8.jpg
https://farm9.staticflickr.com/8683/16684760751_e784dba555.jpg
https://farm9.staticflickr.com/8598/16066150503_31eba19103.jpg
https://farm9.staticflickr.com/8663/16063764344_76d36998b2.jpg
